8 [-100,-100] [474.5,-100] [474.5,360.5] [450.5,360.5] [450.5,371.5] [-44.5,371.5] [-44.5,331.5] [-100,331.5] //obvod
4 [164.5,-100] [164.5,54.5] [167.5,54.5] [167.5,-100] //1
4 [164.5,51.5] [164.5,54.5] [10,54.5] [10,51.5] //2
4 [10,51.5] [10,209] [14,209] [14,54.5]//3
4 [10,54.5] [10,209] [14,209] [14,54.5] //4
4 [474.5,209] [474.5,212] [265.5,212] [265.5,209] //5
4 [323,209] [323,54.5] [320,54.5] [320,209] //6
4 [323,54.50] [377.5,54.5] [377.5,57.5] [323,57.5] //7
4 [265.5,212] [265.5,266.5] [268.5,266.5] [268.5,212] //8
4 [167.5,154.5] [167.5,209] [164.5,209] [164.5,154.5] //9
4 [167.5,309] [167.5,212] [113,212] [113,209] //10
4 [113,209] [113,154.5] [116,154.5] [116,209] //11

